49.50  49.50  49.50  49.50  49.50  49.50  45.50  41.50  37.50  34.50  34.50  33.50  33.50  33.50  32.50  32.50  32.50  32.50  32.50  31.50
43.25  43.25  43.25  42.25  40.25  34.25  34.25  32.25  30.25  30.25  29.50  29.50  28.50  28.50  28.50  28.50  28.50  28.50  28.50  28.50
40.75  40.75  40.75  37.75  35.75  35.75  33.75  32.75  32.75  31.75  30.75  30.75  29.75  29.75  29.75  28.75  27.75  22.75  21.75  21.75
39.00  39.00  34.00  34.00  34.00  33.00  32.00  30.00  29.00  29.00  29.00  27.00  25.00  23.25  23.25  23.25  23.25  23.25  23.25  23.25
37.75  37.75  33.75  33.75  33.75  31.75  29.75  28.75  28.75  27.75  25.75  25.75  25.75  25.75  25.75  25.75  25.75  25.75  25.75  25.75
36.75  36.75  31.75  31.75  31.75  31.75  29.75  29.75  28.75  28.75  28.75  28.75  28.75  28.75  28.75  28.75  28.75  28.75  28.75  28.75
34.00  34.00  30.00  30.00  30.00  30.00  30.00  30.00  30.00  30.00  30.00  30.00  30.00  30.00  30.00  30.00  30.00  30.00  30.00  30.00
32.25  32.25  28.25  25.50  23.50  21.00  21.00  21.00  21.00  21.00  21.00  21.00  21.00  21.00  21.00  21.00  21.00  21.00  21.00  21.00

10.00  10.00  10.00  10.00  10.00  10.00  10.00  10.00  10.00  10.00  10.00  10.00  10.00  10.00  10.00  10.00  10.00  10.00  10.00  10.00
 5.00   5.00   5.00   5.00   5.00   5.00   5.00   5.00   5.00   5.00   5.00   5.00   5.00   5.00   5.00   5.00   5.00   5.00   5.00   5.00
 3.33   3.33   3.33   3.33   3.33   3.33   3.33   3.33   3.33   3.33   3.33   3.33   3.33   3.33   3.33   3.33   3.33   3.33   3.33   3.33
 2.50   2.50   2.50   2.50   2.50   2.50   2.50   2.50   2.50   2.50   2.50   2.50   2.50   2.50   2.50   2.50   2.50   2.50   2.50   2.50
 2.00   2.00   2.00   2.00   2.00   2.00   2.00   2.00   2.00   2.00   2.00   2.00   2.00   2.00   2.00   2.00   2.00   2.00   2.00   2.00
 1.67   1.67   1.67   1.67   1.67   1.67   1.67   1.67   1.67   1.67   1.67   1.67   1.67   1.67   1.67   1.67   1.67   1.67   1.67   1.67
 1.43   1.43   1.43   1.43   1.43   1.43   1.43   1.43   1.43   1.43   1.43   1.43   1.43   1.43   1.43   1.43   1.43   1.43   1.43   1.43
 1.25   1.25   1.25   1.25   1.25   1.25   1.25   1.25   1.25   1.25   1.25   1.25   1.25   1.25   1.25   1.25   1.25   1.25   1.25   1.25